32.01547277742545 4.923083086520728
31.975063167330994 5.122932910121968
31.91684709474997 5.319709209149892
31.842451008030725 5.51336393948818
31.75349836243965 5.703889256281888
31.65160899200926 5.891317443862151
31.538398482423673 6.075720837796092
31.415477545028246 6.257211739074546
31.284451392049313 6.435942320451008
31.146919113110695 6.612104524946082
31.004473053132614 6.785929956532599
30.85869819169914 6.957689763017423
30.711171523979846 7.127694511136822
30.56346144329116 7.2962940538831695
30.417127125382823 7.463877390081545
30.273717914534657 7.63087251623574
30.134772711548536 7.797746270663948
30.001819363720372 7.965004169945347
29.876374056876656 8.133190237699566
29.759940709559853 8.30288682572192
29.654010369446837 8.47471442749818
29.560060612084026 8.64933148412337
29.47955494202302 8.827434182650043
29.41394219644002 9.00975624689232
29.364655951321996 9.19706872071272
29.333113930302616 9.39017974381975
29.320717416230337 9.589934320105009
29.32885066555089 9.797214078549393
29.358880325586203 10.012937026728828
29.411884198485346 10.237963084378363
29.4865541289764 10.472339660287663
29.580361031954222 10.715639522643075
29.690781729006897 10.967370209491692
29.815310347327426 11.226977878103233
29.95145927337838 11.493847605220534
30.096760102582927 11.767303699227993
30.24876458491159 12.046610024192807
30.40504556623463 12.330970335732488
30.563197925310295 12.61952862866076
30.720839506279948 12.911369496362843
30.875612046541182 13.205518501849602
31.025182099871053 13.50094256043891
31.16724195467149 13.796550334011203
31.299510547210073 14.091192636784982
31.419734369729504 14.38366285255667
31.52568837329983 14.672697363348043
31.61517686528803 14.956975989403109
31.686034401320224 15.235122440475127
31.73612667161215 15.505704778343134
31.763351381544453 15.767235890496107
31.765639126359837 16.01817397492177
31.74095425985953 16.256923035935543
31.687295756977633 16.481833390984235
31.602698070112126 16.691202188357597
31.485231979092383 16.883273935739773
31.3330054346632 17.056241039531375
31.14416439536662 17.208244354871827
30.916893657703206 17.337373746290307
30.649417679455066 17.441668658912445
30.34000139605397 17.519118700148884
29.986951029878306 17.567664231790342
29.588614892363577 17.585196972432993
29.14338417881187 17.569560610156547
28.65256997294299 17.520310158247888
28.16031586538834 17.463588620587114
27.74162782043589 17.446471567097042
27.431359637941636 17.493070636635938
27.21745761056531 17.598435437454146
27.085405441241907 17.7556150372535
27.02088563522663 17.957308229159306
27.009784921437593 18.1958667940356
27.03819963180072 18.463298830380314
27.09244103785759 18.751272151330927
27.15904064390197 19.05111774830359
27.22475543591545 19.353833320781494
27.276573090149355 19.650086875054395
27.304090424138387 19.931952885797084
27.306200946993133 20.197973852910135
27.28400981201527 20.44829513506471
27.23861266025242 20.68308602798349
27.171095265084276 20.902539584082074
27.082533179275394 21.106872427777223
26.97399138454129 21.296324566490163
26.846523943674487 21.47115919737431
26.70117365527638 21.631662509796527
26.538971711141 21.778143483601937
26.36093735633606 21.91093368319262
26.16807755202654 22.030387047450937
25.96138664108574 22.13687967553881
25.74184601653836 22.23080960860454
25.510423792879802 22.312596607429388
25.268074480315654 22.38268192604635
25.01573866196503 22.44152808136438
24.75434267407085 22.489618618831166
24.48479828926004 22.52745787416864
24.208002402896273 22.555570731215276
23.924836722567377 22.5745023759101
23.63616746074921 22.58481804645332
23.34284503068772 22.587102779679412
23.045703745540063 22.58196115367834
22.745561520815652 22.570017026701468
22.44321958015767 22.551913272388987
22.13946216450476 22.52831151135581
21.83505624467287 22.49989183917382
21.53070805696516 22.467307491980975
21.226730232686467 22.430830255651788
20.923234216084715 22.39053113452791
20.620328041037123 22.346481497325332
20.318117985056155 22.298754785215028
20.01670853950054 22.24742648412041
19.716202380136735 22.192574096655974
19.416700338054945 22.134277113710972
19.118301370943218 22.072616985682014
18.821102534723575 22.007677093358613
18.525198955553858 21.93954271846562
18.23068380219895 21.868301013866603
17.937648258775045 21.79404097343223
17.6461814978706 21.716853401577772
17.356370654047495 21.636830882473816
17.06830079772593 21.55406774893448
16.782054909456576 21.46866005098717
16.49771385458341 21.380705524128317
16.215356358300582 21.290303557269183
15.935058981106753 21.19755516037621
15.656896094660146 21.102562931810144
15.380939858037639 21.005431025368388
15.107260194401048 20.906265117034952
14.835924768073854 20.80517237144245
14.566998962031489 20.70226140805066
14.30054585580824 20.597642267046094
14.036626203823841 20.491426374967137
13.775298414132793 20.383726510059375
13.516618527599263 20.27465676736563
13.260640197500582 20.164332523555377
13.007414669562177 20.052870401498193
12.756990762426652 19.94038823458592
12.509414848559942 19.827005030808284
12.264730835597172 19.712840936586613
12.022980148130925 19.598017200370617
11.78420170994448 19.482656136002795
11.5484319266927 19.36688108585547
11.315704669033092 19.250816383745224
11.08605125620938 19.134587317629613
10.85950044009022 19.01832009209107
10.636078389665329 18.902141790612937
10.415808676001374 18.78618033765256
10.198712257659944 18.670564460516406
9.984807466579785 18.5554236510422
9.774109994425586 18.44088812709318
9.566632879405324 18.327088793869382
9.362386493558363 18.214157205041072
9.161378530516288 18.10222552370952
8.96361399373847 17.99142648320001
8.769095185224344 17.881893347692394
8.577821694704182 17.77375987269426
8.389790389310308 17.667160265361872
8.204995403730482 17.562229144674124
8.023428130845154 17.459101501464612
7.845077212850354 17.357912658317204
7.6699285328677576 17.258798229330143
7.497965207043549 17.161894079754155
7.329167577137601 17.067336285509658
7.163513203604425 16.975261092588475
7.00097685916733 16.88580487634531
6.841530522887124 16.799104100684307
6.68514337472676 16.715295277146055
6.531781790612992 16.634514923900362
6.381409337996495 16.556899524650163
6.2339867719114155 16.48258548745196
6.089472031535538 16.41170910345818
5.9478202372520785 16.34440650558683
5.808983688214123 16.280813627123877
5.6729118604126185 16.221066160263792
5.539551405248841 16.165299514593652
5.40884614861213 16.11364877552634
5.280737090463697 16.066248662688132
5.155162404927198 16.023233488266335
5.032057440886812 15.984737115322314
4.9113547230932895 15.950892916075398
4.792983953778709 15.921833730163232
4.676872014780329 15.897691822883997
4.562942970174017 15.878598843426055
4.451118069417647 15.864685783090456
4.341315751004819 15.85608293351193
4.233451646629177 15.852919844883777
4.1274368152178464 15.855318482370874
4.023136905919074 15.863231244446299
3.9203757547647315 15.87643263356814
3.8189813013930416 15.894685900889982
3.718787813181528 15.917751324121285
3.61963592450893 15.945386309015575
3.5213726747274636 15.977345491302769
3.4238515474639155 16.01338085131854
3.326936433083674 16.05326076784342
3.2305087578024265 16.09680856911173
3.1344566636612425 16.143856384715125
3.038672668737027 16.194234486390126
2.9430536910450495 16.247771357735882
2.847501071558234 16.30429376419733
2.751920596340521 16.36362682330393
2.656222517791743 16.425594075154354
2.5603215750015194 16.490017553137047
2.4641370132097986 16.55671785487712
2.367592602371809 16.625514213399452
2.2706166548251225 16.696224568498295
2.173142042056921 16.76866563830342
2.0751062105693405 16.84265299103283
1.9764511968410956 16.918001116922166
1.8771236413835695 16.994523500320888
1.7770748018897031 17.07203269194507
1.6762605654741085 17.15034038127708
1.5746414600029157 17.229257469101896
1.4721826645119898 17.30859414017021
1.3688540187122302 17.388159935978166
1.2646300315807886 17.4677638276538
1.1594898890371153 17.54721428894004
1.0534174607029054 17.626319369264184
0.9464013057449713 17.704886766883934
0.838434677800407 17.782723902099697
0.7295155289832731 17.85963799052318
0.6196465129722775 17.935436116392236
0.5088349871789736 18.00992530592165
0.3970930139961208 18.082912600680068
0.2844373611259351 18.154205130982604
0.1708895009880761 18.22361018928937
0.0564756092073063 18.290935303599507
-0.05877343781913195 18.355988310830817
-0.1748220662742799 18.418577430174807
-0.2916300091941279 18.478511336416982
-0.40915231165978616 18.535599233212363
-0.5273393369088357 18.589650926306106
-0.6461367733651441 18.64047689668906
-0.7654856425866173 18.687888373678263
-0.8853223081300848 18.73169740791218
-1.005578485332472 18.771716944250723
-1.1261812520072993 18.80776089456985
-1.247053060055458 18.839644210440774
-1.3681117479890945 18.867182955683695
-1.4892705543673508 18.89019437878597
-1.6104381321425962 18.908496985174807
-1.7315185639156945 18.921910609334272
-1.8524113780986975 18.930256486756818
-1.9730115659834293 18.933357325719204
-2.093209599714016 18.93103737887283
-2.212891451161643 18.923122514638653
-2.331938611699505 18.90944028839657
-2.4502281128759025 18.889820013459502
-2.5676325479833237 18.864092831822184
-2.68402009452123 18.83209178467478
-2.7992545375502043 18.793651882671572
-2.913195293934982 18.748610175944687
-3.0256974374738026 18.696805823853264
-3.136611724911431 18.638080164458092
-3.245784622833088 18.572276783712116
-3.353058335436383 18.499241584356913
-3.4582708331784096 18.418822854515504
-3.5612558822948066 18.330871335971903
-3.661843075187722 18.235240292127536
-3.7598578616794014 18.131785575625123
-3.85512158112807 18.02036569563033
-3.947451495402629 17.900841884761554
-4.036660822712665 17.77307816565851
-4.122558772290104 17.6369414171799
-4.2049505799187985 17.49230144022089
-4.283637544308198 17.33903102314081
-4.358417064307205 17.17700600679186
-4.429082676954153 17.006105349139233
-4.495424096358835 16.82621118946367
-4.557227253412378 16.637208912136803
-4.614274336320589 16.43898720996028
-4.6663438319564605 16.231438147059507
-4.713216638024162 16.014477845842507
-4.7551449684646 15.789601076121784
-4.793235502667836 15.560949297522425
-4.828778505536016 15.332889433874522
-4.863173301787902 15.109754727798792
-4.897927736396757 14.895843030688967
-4.9346576135571905 14.695415099577763
-4.974988410234446 14.512407891285108
-5.0196750802468815 14.347947390319115
-5.068944691317808 14.201583468275274
-5.123007817132901 14.07284718336807
-5.182064487942707 13.9612686418631
-5.246304198693161 13.866377156777338
-5.315905919105315 13.787701406328987
-5.391038105700524 13.724769592115877
-5.471858715767099 13.677109597001236
-5.558515223264283 13.644249142685869
-5.65114463665914 13.62571594694571
-5.749873518691755 13.621037880513834
-5.854818008063964 13.629743123586044
-5.966083843046573 13.651360321929193
-6.08376638699988 13.68541874257148
-6.207950655802003 13.731448429053986
-6.338711347179522 13.78898035622284
-6.476112871934405 13.857546584541339
-6.620209387061351 13.93668041390162
-6.771044830749183 14.025916536915283
-6.928652959259904 14.124791191662668
-7.093057385678755 14.232842313880452
-7.264271620528372 14.349609688567252
-7.44229911424006 14.47463510098713
-7.627133301474868 14.607462487050872
-7.81875764728701 14.747638083054957
-8.017145695122062 14.89471057475844
-8.222261116641858 15.048231245777592
-8.434057763368395 15.207754125278877
-8.652479720138107 15.372836134950274
-8.877461360358323 15.543037235231473
-9.108927403057166 15.717920570783381
-9.346792971718088 15.89705261517757
-9.590963654889991 16.080003314786225
-9.841335568563732 16.26634623185344
-10.097795420305587 16.455658686728654
-10.360220575138085 16.647521899243227
-10.628479123158392 16.841521129211156
-10.902429948884313 17.0372458160351
-11.181922802317684 17.234289717399
-11.466798371714773 17.43225104702853
-11.756888358053368 17.630732611501095
-12.052015551185463 17.82934194608661
-12.35199390766495 18.02769144960106
-12.65662863023903 18.225398518254362
-12.96571624899219 18.42208567847469
-13.279044704131204 18.617380718691084
-13.596393430399567 18.810916820056597
-13.917533443109543 19.002332686094157
-14.242227425779857 19.19127267124764
-14.570229819366732 19.377386908320453
-14.901286913076225 19.56033143478456
-15.23513693674503 19.73976831794233
-15.571510154777169 19.915365778924357
-15.910128961623863 20.08679831550618
-16.250707978793283 20.253746823726924
-16.592954153377246 20.415898718293352
-16.93656685808131 20.572948051752487
-17.281237992744767 20.72459563241646
-17.626652087336993 20.87054914102333
-17.972486406416024 21.010523246117447
-18.318411055035547 21.144239718133523
-18.66408908608613 21.271427542168464
-19.009176609056045 21.39182302942498
-19.35332290019773 21.50516992731174
-19.696170514084656 21.611219528184183
-20.037355396544147 21.709730776710888
-20.37650699895101 21.80047037585027
-20.71324839386702 21.883212891422556
-21.047196392010754 21.957740855262106
-21.377961660542592 22.023844866935455
-21.70514884264911 22.08132369401038
-22.028356678411257 22.12998437086164
-22.34717812694047 22.169642295999125
-22.661200489766614 22.200121327904277
-22.970005535461574 22.221253879360773
-23.273169662893046 22.232881046004206
-23.57034727041023 22.234931221285528
-23.861451181019717 22.227583217338896
-24.146448465677928 22.211063145921113
-24.425310394746088 22.18559596924992
-24.698012410090737 22.15140544203209
-24.964534096507364 22.108714053902816
-25.224859152472106 22.05774297228359
-25.47897536022641 21.99871198566544
-25.726874555199792 21.931839447324624
-25.968552594775847 21.857342219477758
-26.20400932640658 21.775435617883083
-26.43324855508043 21.686333356894906
-26.656278010149386 21.590247494977852
-26.873109311520352 21.48738838068764
-27.08375793521642 21.377964599125125
-27.288243178313564 21.262182918870174
-27.48658812325821 21.140248239401817
-27.678819601571476 21.012363539011353
-27.864968156945782 20.87872982321467
-28.045068007739463 20.73954607367017
-28.219157008875406 20.595009197608725
-28.387276613149552 20.445313977781765
-28.549471831955106 20.290653022933718
-28.70579119542876 20.13121671880504
-28.85628671202461 19.967193179671742
-29.001013827522293 19.798768200427386
-29.140031383475343 19.626125209213765
-29.27340157510598 19.44944522060578
-29.401189908652803 19.268906789356542
-29.523465158177633 19.08468596470838
-29.640299321837993 18.896956245275433
-29.751767577631632 18.70588853450339
-29.85794823861978 18.511651096712026
-29.958922707635526 18.314409513725913
-30.054775431484064 18.11432664209871
-30.145593854641582 17.911562570936503
-30.231468372459368 17.70627458032525
-30.31249228388002 17.49861710036781
-30.388761743672678 17.28874167083537
-30.460375714194022 17.076796901438602
-30.52743591668212 16.862928432723436
-30.590046782090038 16.647278897596337
-30.64831540146629 16.429987883483978
-30.70235147588928 16.21119189513215
-30.752267265962686 15.991024318048444
-30.79817754087922 15.769615382593535
-30.84019952705981 15.547092128725506
-30.878452856375585 15.323578371401743
-30.913059513959823 15.09919466664278
-30.944143785617495 14.874058278262503
-30.97183220483955 14.64828314526896
-30.99625349942948 14.421979849939802
-31.017538537749736 14.195255586576806
-31.035820274595366 13.968214130943188
-31.05123369670254 13.740955810387858
-31.063915767899584 13.513577474660439
-31.074005373908083 13.28617246742089
-31.081643266801855 13.058830598447436
-31.0869720091313 12.831638116546445
-31.090135917721216 12.604677683167914
-31.09128100714944 12.378028346729936
-31.09055493291464 12.151765517655711
-31.088106934300562 11.925960944126269
-31.084087776945154 11.700682688552416
-31.078649695122095 11.475995104768737
-31.071946333742847 11.251958815953115
-31.064132690087277 11.028630693274579
-31.055365055270656 10.806063835272436
-31.045800955455352 10.584307547969658
-31.035599092815048 10.363407325723168
-31.0249192862597 10.143404832813827
-31.013922411929347 9.924337885778673
-31.002770343464956 9.706240436488008
-30.9916258920644 9.48914255596973
-30.980652746331852 9.273070418983307
-30.97001541192879 9.058046289345747
-30.95987915103486 8.844088506011566
-30.950409921626832 8.631211469909157
-30.941774316584066 8.419425631535395
-30.93412167776365 8.208732749273096
-30.927475702944093 7.999098458529664
-30.921805276518924 7.790474344221986
-30.917078256641037 7.5828129534338125
-30.91326170323139 7.376067863100813
-30.910321895269924 7.170193690104477
-30.90822434819658 6.965146101141881
-30.906933831419774 6.7608818223701554
-30.906414385929928 6.557358648824612
-30.906629342015396 6.354535453609576
-30.907541337078406 6.1523721968606795
-30.909112333548336 5.9508299344779285
-30.911303636889773 5.749870826628338
-30.914075913702906 5.549458146017331
-30.917389209913544 5.349556285927934
-30.92120296905024 5.150130768026899
-30.925476050605866 4.951148249936889
-30.930166748481195 4.752576532573925
-30.935232809507646 4.554384567249229
-30.94063145204679 4.35654246253474
-30.946319384663862 4.159021490891522
-30.952252824872676 3.9617940950603203
-30.95838751794941 3.7648338942136808
-30.964678755812407 3.5681156898686965
-30.97108139596554 3.371615471560075
-30.977549880502423 3.1753104222726494
-30.98403825516873 2.9791789236328463
-30.990500188480073 2.783200560858528
-30.996888990892707 2.5873561274666703
-31.003157634024344 2.391627629738356
-31.009258769922543 2.195998290940611
-31.01514475037777 2.0004525553046117
-31.020767646278674 1.8049760917598492
-31.02607926700667 1.6095557974238266
-31.031031179867295 1.4141798008469166
-31.035574729555588 1.2188374650121023
-31.039661057652697 1.0235193900890747
-31.043241122151166 0.8282174159426703
-31.046265717006094 0.6329246243951684
-31.04868549170941 0.43763534124229575
-31.050450970884725 0.24234513802270993
-31.051512573899828 0.0470508335407733
-31.051820634494295 -0.1482495048575376
-31.051325420419367 -0.343556560255721
-31.049977153087436 -0.5388697653849395
-31.047726027228396 -0.7341873020893878
-31.044522230550207 -0.9295061010389002
-31.040315963400776 -1.1248218416887383
-31.035057458428717 -1.3201289524867608
-31.02869700023991 -1.5154206113276603
-31.02118494504753 -1.7106887462544256
-31.012471740312456 -1.9059240364068453
-31.002507944371644 -2.101115913216962
-30.991244246051558 -2.2962525618513285
-30.978631484263992 -2.491320922899901
-30.964620667581634 -2.686306694311363
-30.949162993790566 -2.8811943335746704
-30.932209869417004 -3.0759670601465503
-30.913712929225706 -3.270606858124687
-30.893624055687138 -3.465094479166294
-30.871895398410793 -3.65940944565166
-30.84847939354206 -3.853530054092517
-30.823328783119788 -4.047433378784564
-30.7963966343919 -4.241095275703936
-30.767636359086477 -4.434490386647096
-30.737001732635473 -4.627592143613702
-30.70444691334854 -4.820372773431945
-30.669926461534104 -5.012803302625822
-30.633395358565235 -5.204853562523834
-30.594809025887493 -5.396492194608484
-30.554123343966147 -5.587686656106015
-30.511294671170134 -5.778403225815712
-30.466279862590095 -5.968607010178178
-30.419036288787844 -6.158261949581773
-30.36952185447462 -6.3473308249067255
-30.317695017115632 -6.535775264305932
-30.26351480545802 -6.723555750221838
-30.206940837979882 -6.910631626638562
-30.147933341257644 -7.09696110656847
-30.08645316824915 -7.282501279772312
-30.022461816489987 -7.467208120712108
-29.955921446200364 -7.651036496735848
-29.886794898300064 -7.83394017649311
-29.815045712328793 -8.015871838580612
-29.740638144269592 -8.196783080416814
-29.66353718427241 -8.376624427344446
-29.583708574275796 -8.555345341960003
-29.501118825523655 -8.73289423366926
-29.41573523597499 -8.909218468467492
-29.327525907603885 -9.08426437894353
-29.23645976358733 -9.257977274506398
-29.14250656537837 -9.430301451833424
-29.045636929662148 -9.601180205538643
-28.94582234519234 -9.770555839060288
-28.843035189505553 -9.938369675766134
-28.737248745511287 -10.104562070275488
-28.628448468728877 -10.269076455669492
-28.51667023956714 -10.43187374282826
-28.401963983141997 -10.592920530109518
-28.284379875081566 -10.752184356145435
-28.16396832773937 -10.909633700739535
-28.040779976863618 -11.065237985763037
-27.914865668272515 -11.21896757589208
-27.786276444537187 -11.370793779185977
-27.65506353167407 -11.52068884750669
-27.52127832584834 -11.668625976779742
-27.384972380090126 -11.814579307096798
-27.246197391025206 -11.958523922660158
-27.105005185621813 -12.100435851569427
-26.96144770795528 -12.240292065450635
-26.81557700599218 -12.378070478928121
-26.667445218395628 -12.513749948939465
-26.517104561353506 -12.647310273893801
-26.364607315431034 -12.778732192673925
-26.210005812449644 -12.90799738348243
-26.053352422393644 -13.035088462532359
-25.894699540346362 -13.15998898258273
-25.734099573457357 -13.282683431319313
-25.571604927942506 -13.403157229581147
-25.40726799611839 -13.521396729433201
-25.24114114347278 -13.637389212085624
-25.073276695772808 -13.751122885660111
-24.90372692621235 -13.862586882803829
-24.732544042600367 -13.971771258151417
-24.55978017459183 -14.078666985635595
-24.385487360962607 -14.183265955646943
-24.20971753693022 -14.285560972043362
-24.032522521521877 -14.385545749009763
-23.853954004991365 -14.483214907768696
-23.67406353628653 -14.578563973142343
-23.49290251056868 -14.671589369966652
-23.310522156785776 -14.762288419358146
-23.126973525300688 -14.850659334834083
-22.94230747557627 -14.93670121828663
-22.756574663918702 -15.020414055811761
-22.569825531280674 -15.101798713393492
-22.38211029112592 -15.180856932444254
-22.193478917356725 -15.257591325202055
-22.0039811323057 -15.33200536998524
-21.8136663947936 -15.404103406305506
-21.62258388825453 -15.47389062984005
-21.430782508930044 -15.54137308726355
-21.2383108541337 -15.60655767094081
-21.045217210587435 -15.669452113480883
-20.85154954283133 -15.730064982153502
-20.657355481708176 -15.788405673168633
-20.46268231292434 -15.844484405820038
-20.267576965688235 -15.898312216493709
-20.07208600142806 -15.949900952542025
-19.876255602590014 -15.99926326602461
-19.68013156151856 -16.046412607316682
-19.483759269419984 -16.091363218585972
-19.287183705410843 -16.134130127138985
-19.090449425652512 -16.17472913863771
-18.893600552573332 -16.21317683018764
-18.696680764179618 -16.249490543298126
-18.499733283457022 -16.28368837671608
-18.302800867863436 -16.31578917913397
-18.10592579891491 -16.3458125417732
-17.90914987186584 -16.37377879084385
-17.712514385484752 -16.399708979881876
-17.51606013192702 -16.423624881964766
-17.319827386705736 -16.445548981806823
-17.123855898762187 -16.465504467735016
-16.92818488063692 -16.483515223546657
-16.732852998742967 -16.499605820249922
-16.537898363742308 -16.513801507688296
-16.343358521026836 -16.526128206050245
-16.149270441305074 -16.536612497265057
-15.955670511295839 -16.545281616286182
-15.762594524530115 -16.552163442263133
-15.570077672262205 -16.557286489603175
-15.3781545344915 -16.56067989892404
-15.186859071095915 -16.562373427898752
-14.996224613078178 -16.562397441993923
-14.806283853926212 -16.560782905102673
-14.617068841088514 -16.55756137007342
-14.428610967565925 -16.5527649691358
-14.240940963620737 -16.546426404225013
-14.054088888604241 -16.538578937205795
-13.868084122903777 -16.529256379997395
-13.682955360010615 -16.5184930846008
-13.498730598709143 -16.506323933029474
-13.315437135389198 -16.49278432714506
-13.13310155648172 -16.477910178399224
-12.951749731019593 -16.461737897483097
-12.771406803323803 -16.44430438388555
-12.592097185816817 -16.425647015361843
-12.413844551963345 -16.405803637313724
-12.236671829339874 -16.384812552082717
-12.060601192834083 -16.36271250815769
-11.885654057974415 -16.33954268929822
-11.71185107439164 -16.315342703575205
-11.539212119412351 -16.290152572330037
-11.367756291786208 -16.264012719053856
-11.19750190554696 -16.23696395818824
-11.02846648400891 -16.20904748384886
-10.860666753898872 -16.180304858473406
-10.694118639625295 -16.1507780013955
-10.528837257684515 -16.12050917734574
-10.36483691120577 -16.08954098488163
-10.2021310846351 -16.05791634474774
-10.040732438559225 -16.02567848816759
-9.880652804670316 -15.992870945068843
-9.721903180871914 -15.959537532243221
-9.564493726527347 -15.925722341442746
-9.40843375785072 -15.891469727413703
-9.253731743441852 -15.856824295870071
-9.100395299965234 -15.821830891407705
-8.948431187974023 -15.786534585361023
-8.797845307879811 -15.750980663603638
-8.648642696068379 -15.715214614294508
-8.500827521162666 -15.679282115571258
-8.35440308043291 -15.643229023192074
-8.209371796355208 -15.607101358127945
-8.06573521331846 -15.570945294106687
-7.923493994480829 -15.534807145110442
-7.782647918775731 -15.498733352828134
-7.6431958780684175 -15.462770474064667
-7.505135874463119 -15.426965168108232
-7.368465017761815 -15.391364184057608
-7.233179523074632 -15.35601434811082
-7.099274708582547 -15.320962550816937
-6.9667449934530365 -15.286255734292652
-6.835583895908625 -15.251940879405133
-6.70578276791327 -15.218062125461975
-6.577326749037186 -15.18465117211118
-6.4501990272946665 -15.151736191946492
-6.324382356470852 -15.119345150216965
-6.199859058042942 -15.08750579935458
-6.076611023139668 -15.056245673464302
-5.954619714562803 -15.025592082829393
-5.833866168870097 -14.995572108432539
-5.714330998519996 -14.966212596493422
-5.595994394077667 -14.937540153023448
-5.478836126482341 -14.909581138398133
-5.362835549376035 -14.882361661947927
-5.24797160149307 -14.855907576567947
-5.134222809110824 -14.830244473347426
-5.021567288560965 -14.805397676219291
-4.9099827488016095 -14.781392236630728
-4.799446494049694 -14.758252928235164
-4.689935426473912 -14.73600424160642
-4.581426048947547 -14.714670378975576
-4.473894467861531 -14.694275248991241
-4.367316395997046 -14.674842461503776
-4.261667155457954 -14.656395322374152
-4.156921680662493 -14.638956828308048
-4.05305452139418 -14.62254966171573
-3.9500398459118746 -14.60719618559848
-3.847851444118415 -14.592918438462025
-3.7464627307880702 -14.579738129257695
-3.6458467488521147 -14.567676632351851
-3.5459761727427654 -14.55675498252426
-3.4468233117947813 -14.546993869995921
-3.348360113704945 -14.53841363548708
-3.2505581680487277 -14.531034265305902
-3.1533887098543314 -14.52487538646853
-3.056822623233406 -14.519956261851009
-2.960830445068608 -14.51629578537378
-2.865382368757385 -14.513912477219268
-2.770448248011849 -14.512824479083175
-2.6759976007145916 -14.51304954946011
-2.5819996128298164 -14.51460505896406
-2.488423142369911 -14.517507985684386
-2.3952367234167395 -14.521774910577859
-2.3024085701977657 -14.527422012897347
-2.2099065812162793 -14.534465065657727
-2.117698343435833 -14.542919431139596
-2.0257511365181458 -14.552800056431384
-1.9340319371145496 -14.564121469010365
-1.8425074232103247 -14.576897772363239
-1.7511439785217124 -14.591142641646785
-1.6599076969453919 -14.60686931938913
-1.5687643870597487 -14.624090611232296
-1.4776795766779796 -14.642818881716442
-1.3866185174522596 -14.663066050106504
-1.295546189529018 -14.684843586261632
-1.204427306254542 -14.708162506548137
-1.1132263189309404 -14.733033369796342
-1.0219074216216715 -14.75946627330201
-0.9304345560066646 -14.787470848872763
-0.8387714162862229 -14.817056258920163
-0.7468814541337161 -14.84823119259786
-0.6547278836963293 -14.881003861986436
-0.5622736866435936 -14.915381998325435
-0.46948161726340915 -14.951372848293056
-0.37631420760482054 -14.988983170334157
-0.28273377266751903 -15.028219231036886
-0.18870241563722617 -15.069086801558708
-0.09418203316694285 -15.111591154102067
0.0008656792967998085 -15.155737058440435
0.09647922214270747 -15.201528778495033
0.19269728617938614 -15.248970068962924
0.2895587471759279 -15.298064171996785
0.38710266035931157 -15.34881381393701
0.48536825486866336 -15.401221202096487
0.5843949281671887 -15.455288021598667
0.6842222404121152 -15.511015432269328
0.7848899087829868 -15.568404065582461
0.8864378017691433 -15.627454021660895
0.9889059334164422 -15.688164866331954
1.0923344575341656 -15.750535628238792
1.1967636618621622 -15.814564796007646
1.3022339621991816 -15.880250315471711
1.4087858964924524 -15.947589586951839
1.5164601188894822 -16.016579462594724
1.6252973937521245 -16.08721624376883
1.735338589633915 -16.15949567851866
1.8466246732207388 -16.233412959077633
1.9591967032357351 -16.308962719440185
2.073095824308828 -16.38613903299335
2.1883631819845863 -16.464934817127478
2.3050367636404268 -16.545319336274563
2.423149656636423 -16.627231373928517
2.5427333556208125 -16.71060734474557
2.6638180143264725 -16.79538332761195
2.78643244291923 -16.88149508558985
2.9106041055904353 -16.96887808587891
3.0363591183943917 -17.057467519791103
3.1637222473301407 -17.14719832273602
3.29271690666813 -17.238005194214132
3.4233651575212085 -17.329822617815108
3.555687706660337 -17.42258488121887
3.6897039055747634 -17.516226096196537
3.825431749776354 -17.61068021860852
3.9628878783484294 -17.70588106839742
4.102087573738361 -17.801762349572765
4.243044761794348 -17.89825767018523
4.385772012045546 -17.995300562287404
4.530280538225943 -18.0928245018788
4.676580199041079 -18.190762928832118
4.824679499177964 -18.289049266798557
4.974585590557221 -18.387616943088997
5.126304273827793 -18.486399408529078
5.279840000103164 -18.58533015728495
5.4351958729392615 -18.684342746657485
5.5923736505533865 -18.783370816842243
5.751373748283519 -18.882348110652398
5.912195241288063 -18.98120849320239
6.074835867484859 -19.07988597154926
6.239292030729659 -19.17831471428958
6.405558804232757 -19.27642907110887
6.5736299342139946 -19.374163592281437
6.743497843794729 -19.471453048117578
6.915153637126949 -19.568232448356053
7.088587103758087 -19.664437061498816
7.263786723231624 -19.760002434085855
7.44073966992207 -19.85486440990731
7.619431818104138 -19.94895914915047
7.7998477472551775 -20.04222314747912
7.981970747589799 -20.134593255042628
8.165782825826529 -20.22600669541238
8.351264711184875 -20.316401084442926
8.538395861612777 -20.405714449055516
8.727154470242724 -20.493885245941286
8.917517472076497 -20.58085238018196
9.109460550896719 -20.666555223785167
9.30295814640517 -20.750933634132416
9.497983461585982 -20.833927972336763
9.69450847029361 -20.915479121508188
9.89250392506369 -20.995528504923872
10.091939365146441 -21.074018104101274
10.292783124761236 -21.15089047677139
10.495002341570986 -21.226088774749822
10.69856296537591 -21.29955676170343
10.903429767024676 -21.3712388308099
11.109566347542625 -21.441080022308242
11.31693514747503 -21.50902604093746
11.525497456445029 -21.575023273261408
11.735213422924108 -21.63901880487726
11.94604206421479 -21.700960437505433
12.157941276643308 -21.760796705958523
12.3708678459619 -21.818476894987125
12.584777457958477 -21.873951056000127
12.79962470927303 -21.92717002365723
13.015363118419149 -21.978085432331582
13.231945137008896 -22.02664973244003
13.44932216118044 -22.072816206639104
13.667444543225967 -22.11653898588417
13.88626160341947 -22.15777306534985
14.105721642041914 -22.19647432020935
14.325771951603231 -22.23259952127064
14.54635882925865 -22.266106350467194
14.767427589418809 -22.29695341620141
14.988922576551056 -22.325100268538268
15.210787178171326 -22.35050741424738
15.432963838024087 -22.37313633169123
15.655394069449388 -22.392949485557537
15.878018468935148 -22.40991034143373
16.10077672985258 -22.423983380221436
16.323607656373962 -22.435134112389015
16.546449177569922 -22.443329092060093
16.76923836168565 -22.44853593093613
16.991911430593117 -22.45072331205105
17.214403774418656 -22.449861003355938
17.43664996634304 -22.445919871131963
17.65858377757323 -22.438871893229464
17.880138192482974 -22.42869017213145
18.101245423921426 -22.41534894783954
18.321836928686846 -22.398823610580454
18.54184342316441 -22.379090713331326
18.761194899125726 -22.35612798416186
18.97982063968799 -22.32991433839166
19.197649235431488 -22.300429890560856
19.41460860067251 -22.26765596621225
19.63062598989078 -22.231575113483316
19.845628014308314 -22.192171114506227
20.05954065861867 -22.149428996614226
20.272289297863626 -22.1033350433527
20.48379871445617 -22.053876805293193
20.69399311534676 -22.001043110648776
20.902796149331554 -21.94482407568913
21.110130924500215 -21.88521111495368
21.315920025820798 -21.822196951261283
21.520085532860378 -21.755775625514758
21.72254903763831 -21.68594250629891
21.92323166261095 -21.612694299270277
22.122054078784622 -21.536029056337355
22.318936523955614 -21.455946184629532
22.513798821074015 -21.37244645525355
22.706560396730136 -21.285532011835784
22.897140299760327 -21.19520637884923
23.085457219970742 -21.10147446972339
23.271429506976062 -21.004342594736123
23.454975189151465 -20.9038184686858
23.636011992695252 -20.799911218342466
23.814457360799587 -20.692631389676933
23.990228472927694 -20.581990954866136
24.163242264194245 -20.468003319073897
24.333415444847528 -20.35068332700548
24.50066451985014 -20.230047269235065
24.66490580855656 -20.106112888304576
24.826055464484543 -19.97889938459315
24.9840294951786 -19.848427421955535
25.138743782162372 -19.71471913312895
25.290114100978276 -19.577798124906575
25.43805614131119 -19.43768948307735
25.582485527194276 -19.294419777130404
25.723317837294374 -19.14801706472337
25.860468625273988 -18.998510895913707
25.993853440228282 -18.845932317151668
26.12338784719354 -18.690313875034413
26.24898744772553 -18.531689619819858
26.370567900544426 -18.370095108699886
26.48804494224447 -18.20556740883145
26.601334408065103 -18.0381451001253
26.710378073600285 -17.867885550646474
26.815428503051837 -17.69505170126545
26.916949208015236 -17.52003312236563
27.01541627356732 -17.343209498813412
27.11131458896072 -17.1649480704468
27.205137649379157 -16.98560349770973
27.297387356031276 -16.805517729798567
27.388573814610876 -16.62501987533813
27.479215132151364 -16.444426075605822
27.56983721230281 -16.264039380320593
27.660973549059534 -16.084149626014693
27.753165018967206 -15.905033317004428
27.84695796564424 -15.726952545381097
27.942704861711935 -15.550044133902011
28.04037414352785 -15.374223617568589
28.139888468313554 -15.199383770211416
28.2411683927901 -15.025419644804954
28.344132410954884 -14.852228602999384
28.448696992206354 -14.679710344164151
28.554776619810756 -14.507766933939765
28.66228382970612 -14.33630283229377
28.771129249637116 -14.165224921077911
28.8812216386159 -13.994442531082354
28.992467926702904 -13.823867468584282
29.10477325510224 -13.65341404138667
29.21804101656567 -13.482999084344698
29.332172896099976 -13.312541984375832
29.447068911971318 -13.141964704951034
29.562627457001543 -12.971191810063265
29.67874534014995 -12.800150487670894
29.795317828375232 -12.628770572612408
29.912238688771495 -12.456984568989657
30.02940023097229 -12.284727672016986
30.14669334981725 -12.111937789332817
30.26400756827477 -11.938555561771562
30.38123108061532 -11.764524383592464
30.49825079582891 -11.589790422163386
30.61495238128117 -11.414302637096174
30.731220306601422 -11.238012798831859
30.84693788779729 -11.060875506672373
30.96198733158919 -10.882848206257195
31.076249779959035 -10.703891206481698
31.18960535490661 -10.523967695855724
31.301933203407746 -10.34304375829947
31.41311154256801 -10.161088388374795
31.52301770496555 -9.978073505950052
31.631528184177157 -9.793973970295761
31.738518680480933 -9.608767593609926
31.843864146729693 -9.422435153970232
31.94743883438831 -9.234960407712089
32.0491163397293 -9.046330101229882
32.14876965017961 -8.856533982200519
32.24627119081303 -8.665564810226774
32.341492870981114 -8.473418366899635
32.43430613107683 -8.280093465277261
32.524581989424156 -8.085591958779908
32.61219108928732 -7.889918749498697
32.69700374599354 -7.693081795917196
32.778889994162164 -7.495092120044711
32.85771963503448 -7.29596381395944
32.933362283897274 -7.095714045761176
33.00568741759383 -6.89436306493153
33.07456442211577 -6.6919342071015775
33.139862640269385 -6.48845389822503
33.20145141940982 -6.2839516581569805
33.25920015923671 -6.078460103636407
33.31297835964452 -5.872014950672637
33.36265566862132 -5.664655016334107
33.40810193018931 -5.4564222199397125
33.44918723238049 -5.247361583651399
33.48578195524105 -5.037521232467809
33.51775681885781 -4.826952393618835
33.54498293140019 -4.61570939535994
33.56733230592838 -4.40384972666527
33.58476105490772 -4.1914443966810815
33.59740553268434 -3.9785866428415697
33.60542663179628 -3.7653687573620003
33.608986576671015 -3.551878886348186
33.60824885791949 -3.338201013848799
33.60337816646124 -3.124414946737982
33.594540327489746 -2.91059630042914
33.581902234287234 -2.6968164854217656
33.56563178189803 -2.483142694683054
33.54589780066965 -2.269637891864921
33.522869989671086 -2.0563608003586404
33.496718849997116 -1.8433658931872947
33.467615617968164 -1.6307033837381115
33.435732198234845 -1.4184192173346997
33.401241096796525 -1.2065550636510622
33.364315353942985 -0.9951483099672206
33.3251284771287 -0.7842320552681307
33.28385437378874 -0.5738351051855541
33.240667284105854 -0.3639819677843333
33.19574171373774 -0.15469285019276502
33.14925236651399 0.054016343922289586
33.10137407711191 0.26213401603501835
33.0522817437206 0.4696528735955763
33.00215026070234 0.6765699300193339
32.951154451261 0.8828865038314333
32.899469000126246 1.088608216965833
32.84726838626331 1.2937449922200037
32.79472681561729 1.4983110498646495
32.74201815390141 1.7023249034097978
32.68931585943854 1.9058093545268207
32.636792916064984 2.1087914871279136
32.58462176610635 2.311302660602824
32.53297424343418 2.5133785022143242
32.48202150661286 2.71505889865301
32.43193397214616 2.916387986752123
32.382881247832415 3.117414143364148
32.33503206623773 3.318189974399463
32.28855421829628 3.518772303029197
32.24361448704713 3.7192221570527284
32.200378581516496 3.919604755432146
32.159011070754815 4.1199894939943045
32.11967531803767 4.3204499303029875
32.082533415239865 4.521063767701978
32.047746117391476 4.721912838531736
32.01547277742545 4.923083086520723
